Классификационный отчёт:
              precision    recall  f1-score   support

           0       0.75      0.84      0.79       439
           1       0.81      0.74      0.77      1388
           2       0.83      0.80      0.81       732
           3       0.89      0.90      0.89      1296
           4       0.90      0.97      0.94     10510
           5       0.98      0.92      0.95      3309
           6       0.94      0.67      0.78      2067

    accuracy                           0.90     19741
   macro avg       0.87      0.83      0.85     19741
weighted avg       0.90      0.90      0.90     19741